$ANSIBLE_VAULT;1.1;AES256
30636431343863396363353634613733356332626439643962626630333564353439303761616434
6635623163336430383831653162303362363237636362620a323835353362666637303164353261
66303134373436306164376330333436613164616463613538356634396134333130303435646636
3736346139623336350a393462613165373933643539633632373864363735366637323739646332
33386438363330303531616534373234376131383562656339626630386464306465646337613731
37313264356632353130333331663863313063626532653338666632303135303630663539363831
61333962396330373638386466313637323939323461633435323932353666666634306465646664
34616165643937643239363135393437656636356332643134616439303530333661353966653133
62613335393932383631646433616130376661333761346134326432303265653534353234373261
38393764643635333761623965396665363636663134353631376263346364663934633837653464
30373235663834663332616364303936356437626161356263323264383261386230663131333039
39353034346436316536626331653035616463653938316566366263613934333135323232386265
6439
